33152
33410
32383
32894
31871
32121
36742
33678
28533
32886
33157
33405
38542
30349
24673
36725
37274
32386
35974
26240
25430
44169
38320
25971
32367
27773
31076
49059
32689
17230
34657
35478
34941
45990
22933
14638
45428
42690
30079
36997
18807
22066
57507
40155
16728
32092
25726
33371
60102
27077
5915
39765
39089
36224
48819
14989
10506
54404
44768
26229
35452
15727
24877
63420
36578
12096
33110
28038
36454
58829
21683
6672
43875
40637
35457
44970
12668
14862
58265
42467
23144
33651
17004
29756
63690
31445
10287
35161
30864
38513
55757
16799
8713
48244
41415
33919
41119
11119
19734
61102
39393
20057
32876
19053
34379
62933
26053
9504
38240
33435
39801
51912
12939
11782
52359
41167
31609
38036
11109
25122
63169
35290
17225
33127
21874
38234
61147
20914
9748
41578
35495
39807
47809
9848
15625
56220
39891
28783
35209
11871
30513
63953
30671
15161
34151
24954
41065
58077
15773
11020
45689
37042
39040
43702
8040
20496
59568
37587
25955
33408
13661
35393
63710
25792
13866
36202
27780
43125
54491
11400
13576
49546
37562
37246
39850
7259
25883
61636
34255
23125
32376
16223
40018
61926
20398
13598
38770
30607
44158
50132
8052
17161
53149
37312
34936
36254
7505
31273
62933
30150
20806
32628
19300
43619
59370
15514
14356
42109
32666
43907
45514
5729
21775
56496
35778
32111
33427
9036
36666
62947
25785
19000
33652
22636
46450
55529
10884
16399
45707
34211
42885
40894
4433
26905
59075
33472
29540
31625
11595
41549
61677
20904
18219
35448
25974
48255
51172
7279
19470
49308
34731
41091
36785
4421
32295
60629
30138
26711
30593
14670
45919
59379
16021
18209
38015
28801
48776
46555
4443
23314
52398
34223
38525
33188
5437
37688
60900
26288
24650
30589
18005
49265
55796
11392
19483
41098
31115
48269
41423
2889
27931
54976
32944
35701
30103
7737
43083
60143
21921
23357
31613
21854
51841
51696
7531
21785
44440
32661
46991
36801
2363
33320
57041
30637
33130
28301
10810
47710
58102
17296
22579
33409
25192
53134
46824
4438
25115
47528
33179
44685
32434
3120
38712
57824
27301
30558
27269
14399
51826
55033
12924
23083
35976
28275
53143
41436
2627
29474
50105
32671
41863
28835
6446
43342
55268
24727
29016
28289
20816
50563
47327
14445
26684
37262
31359
46228
35253
12621
33611
44717
31890
36479
29068
19793
41071
44218
26757
30310
31104
28524
42120
37802
23408
31074
35722
32642
37512
32400
25706
34161
36754
32133
33406
31874
30582
34687
34442
32128
32637
32896
