33152
33410
32640
33152
31616
31094
36226
34960
30845
33148
29822
30061
39817
35997
28279
32629
28797
30057
43666
36008
24940
32365
28799
31080
47517
34736
20573
32356
30084
32619
50345
32436
16202
33629
32142
34417
52402
28594
12085
36186
35228
35704
52919
23978
8479
40028
38832
36479
51896
18846
6411
45157
42180
35458
48046
15758
8713
49781
43730
33153
43936
13695
11788
54151
44252
30075
39824
12916
15892
58010
43747
26225
36481
13677
20511
61100
41701
22115
34162
15467
25390
63164
38626
18002
32871
18030
29758
63945
34779
14401
32863
21622
33872
63442
30159
11312
34140
25729
36960
61653
25535
9504
36445
29840
39022
58836
20654
8467
39779
33439
39800
55246
16539
8971
43886
36783
39550
51140
12937
10759
48253
39102
37760
46519
10617
13576
52622
40394
35197
42408
9324
17421
56736
40147
31605
38552
9314
21784
60083
38871
27753
35464
10590
26661
62404
36566
23642
33403
12894
31286
63698
32977
19785
32881
16227
35655
63964
28871
16440
33387
20077
39256
62690
23993
14120
34922
24186
41832
60131
19368
12570
37742
28296
43381
56800
14997
12560
41334
31896
43645
52695
11138
13578
45443
34728
42626
48331
8049
15881
49811
36533
40577
43708
6242
19468
54180
37055
37500
39596
5719
23573
57783
36550
33650
35996
6480
28194
60616
34503
29797
33421
8525
33073
62424
31684
25685
31873
11344
37699
62948
27836
22085
31865
14935
41812
62188
23472
19252
32885
19043
44901
60143
18848
17446
34934
23409
46964
57325
14222
16666
38012
27264
47999
53223
10107
17170
41863
30608
47494
48860
6761
18959
46229
33182
45961
44238
4440
21777
50341
34474
43398
39870
3403
25623
54199
34483
39807
35757
3650
30242
57289
33463
35955
32669
5181
35121
59609
30902
31845
30352
7485
39746
60647
27568
27989
29573
11075
44116
60400
23717
24901
29823
15180
47718
59126
19095
22326
31357
19289
50551
56310
14470
21033
33920
23656
51844
52721
10356
21023
37512
27512
52110
48616
6753
22298
41364
30343
51090
43739
3919
24602
45475
32404
49042
39116
2369
27934
49588
33183
45966
34747
2101
32296
53189
32677
42117
31146
2862
36917
55766
31142
38008
28315
5164
41797
57317
28323
34153
26766
8239
46167
56814
24986
30555
27012
14398
47981
53223
22668
28499
28544
20304
48253
48858
20863
27984
30592
25185
46983
44234
20341
28242
32643
28783
44684
39864
21102
29528
34183
31097
41868
36518
22892
31074
35209
32384
38537
34198
25967
32365
34953
32898
35717
32906
29558
32888
33925
32897
33409
32897
