33152
33410
32128
32380
32896
32126
34431
35981
29826
28010
36220
37013
31107
32377
31617
28016
36985
42148
27533
23126
36723
38044
32389
36228
29833
20825
38248
49083
27806
20043
35435
35476
33919
43674
29341
12353
36944
54472
30127
20816
33388
28544
33898
53426
31677
4401
33332
56264
33207
26465
33148
18536
31048
61377
36572
3126
29225
50098
34217
35707
35739
11355
25899
62907
41194
8011
27186
41368
32397
44172
40636
7258
20501
60588
44266
15458
28233
32390
27498
50320
47067
6757
16137
55447
44508
23926
32361
24958
20807
53385
52720
9848
14092
48260
41410
31616
39310
20354
13609
52601
56825
15243
15389
40823
35488
37247
47281
19088
7702
48997
57587
21658
20281
34933
27260
40050
54988
20901
4112
43858
55008
27552
27739
31360
18268
39516
60891
25276
4121
38215
49092
31641
36988
30613
10309
36418
63965
30413
7725
33864
40613
32903
46231
33201
4667
31530
63185
35028
14407
31830
31113
31082
53671
37839
2622
26395
58813
37582
23138
33136
22389
26697
58538
43239
4173
22807
51621
37306
32375
37009
15469
20778
59810
47860
8801
21794
43408
33947
40067
43445
11889
14867
57489
50420
15733
24122
35202
27767
45442
50388
11903
10503
52605
49894
23428
29531
28800
20051
47734
56810
14739
8714
45932
46028
30089
37504
25226
12086
46434
60658
19878
10523
39524
39083
34434
46241
24990
5924
42828
61420
25779
15926
34919
30088
35695
54459
27575
2336
37690
58585
30645
23893
32631
20843
34133
60616
32207
2345
32560
52415
33451
33395
33681
12888
30008
63431
37344
5948
29235
43940
33172
42378
37553
7250
24606
62651
41190
12628
28740
34700
29812
49813
42961
5207
19726
58279
42975
21099
31329
26238
24144
54164
49130
7015
16652
51602
41673
29563
36740
20347
17200
55176
53752
11643
16407
43905
36778
36480
44200
17284
10776
52598
56056
18061
19503
36729
29573
40825
51912
17814
6157
47970
55017
24728
25936
31613
21090
41832
58844
21164
4624
42067
50384
30104
34419
29325
12615
40017
62948
26047
6945
36686
42929
32907
43666
30373
5943
35640
63709
31179
12346
33109
33681
32883
52136
33986
2356
30757
60620
35019
20566
32617
24440
29781
58290
38876
2622
26140
54452
36541
29808
34951
17258
25146
58539
42979
9558
25135
43927
34461
37505
38561
16749
22581
52120
43217
19311
27470
35718
31105
40324
40876
20087
22592
44679
40629
27005
30827
31616
28785
39296
40359
25473
25687
38014
36761
31617
33405
31105
29297
35965
37269
30340
30065
33918
33669
32896
33410
32641
32638
