33152
33410
32384
32637
32640
31099
33915
37518
32139
28273
32886
33413
32637
38281
35223
23920
28764
39819
35481
32894
36233
26239
22867
41337
44728
28045
27745
32636
25200
35432
50867
32433
15180
31313
38294
32133
43918
40632
12132
20004
49809
42438
29310
37249
23429
12594
46438
59116
24745
18234
33644
24183
33883
60612
36056
3895
27176
45475
33434
42887
43967
9579
13066
53639
49124
25990
33900
26503
11835
43353
62700
27067
13106
33372
29320
31588
57266
39642
3395
23065
49057
36271
37760
43694
13689
10511
52088
53742
24721
29017
29827
14671
39251
63457
30154
9009
32074
34964
30834
53152
42712
4434
18958
51609
40131
33150
41882
18307
9241
49257
57842
24736
23625
32122
18531
35666
62930
34006
6197
29495
40092
31364
48274
44751
7010
14857
52622
44756
29569
38789
22665
9256
45660
61168
26289
18494
33132
23157
32599
60865
38109
4414
25894
44446
33176
43143
45506
10353
11529
52095
49378
27017
34672
26761
10810
41554
63209
28865
13623
32859
28549
30561
57519
41695
4170
21783
48026
36269
38016
44977
14463
8974
50288
54251
26006
29533
30084
13646
37709
63965
32208
9527
31304
33937
29807
53150
44508
5465
17421
50322
40129
33663
42909
19080
7961
47457
58351
26277
24397
32122
17762
33868
63182
36059
6715
28470
39063
30593
48272
46547
7785
13319
51078
45010
30340
39560
23437
7976
43860
61420
27830
19010
33132
22644
31058
60861
40162
5189
24612
43673
32662
43398
47045
11384
9992
50552
49888
28045
35443
27532
9786
39755
63461
30663
14141
32347
27779
29533
57515
43748
5201
20502
46996
36011
38528
46260
15493
7694
48488
54504
27290
30304
30598
12621
35910
63961
34261
10301
30535
33166
29036
53147
46560
6497
16140
49036
40126
34177
44192
20109
6681
45657
58603
27818
24913
32380
16993
32327
63178
38112
7490
27444
38291
29823
48270
48087
9072
12039
49535
45008
30854
40586
24465
6952
41805
61672
29627
19527
32876
21875
29773
60857
41959
6220
23587
42644
32147
43397
48584
12671
8712
48752
50141
28816
36214
28048
8762
37956
63712
32460
14914
32090
27265
28249
57512
45544
6233
19221
45711
35752
38528
47542
16779
6414
46688
54757
28318
31076
30857
11854
34112
63187
35799
12615
30028
32650
28523
50069
45524
12396
18723
44164
38318
34177
41625
24717
14650
39777
49346
30621
28519
32638
23662
31582
48292
36275
21350
30045
34951
31358
38789
39074
24957
25687
37501
36503
32642
34947
31109
27245
34164
37778
32650
31353
32894
31871
32636
34179
33156
32639
