33152
33154
32639
32897
30588
33914
36237
31363
32891
30079
31087
40078
32404
30065
32127
27504
40319
38313
25715
32623
28028
35437
45485
25230
27478
32642
29806
48281
32435
18764
35437
29573
43133
43973
13927
30274
36504
34681
51123
19097
17185
43655
32663
47759
33216
5165
41295
40894
37505
45241
5219
26388
52926
32160
44687
19353
9998
54919
39379
34420
33696
4666
43330
53480
26506
37500
12914
25119
62407
30404
29272
26503
13106
57475
45299
18782
33131
14947
41548
59888
17813
26942
25984
26183
63420
30166
14383
34414
22380
52863
48115
7509
31034
30352
37735
58840
14235
17427
40330
30081
55713
31184
4638
41047
35243
43135
46801
3673
28699
46774
33677
50088
16025
11783
52109
36028
41601
32434
2858
44361
48092
31108
40856
8039
26649
59082
30387
36206
22414
11806
57994
41959
25188
33154
9549
43850
57331
20620
31831
19577
26676
63943
28877
20796
30842
18257
56453
46070
11347
32336
23164
40540
59624
14228
22050
34185
28775
60081
29394
8479
39011
29584
48513
46819
3921
30760
39849
35708
54208
13462
14600
48017
33187
48272
30655
2847
44370
42442
36480
43186
4700
28697
54471
31393
42376
18321
12048
56978
38614
32366
32151
5945
45900
53486
24453
35699
13679
27687
62927
28352
27471
26755
15672
58764
43506
16725
32870
16998
43606
58866
15500
26423
27523
28496
62913
27599
13350
35951
24692
53381
45806
5707
32313
32664
38767
56790
11921
18191
42642
31368
54177
28615
4632
43101
36787
42368
44233
2897
30751
48576
33168
47778
14736
13576
54423
35777
39548
30632
3880
46930
48611
29312
38799
8547
29472
60115
28849
33894
22152
14371
59797
40680
23131
32380
11600
46164
56566
18052
30800
20858
28989
63950
26567
19251
31865
20824
57229
43762
9545
33101
25475
41829
57831
11657
22302
36238
30575
59059
26569
7960
41064
31385
48004
44252
2888
32555
41906
35969
51899
11660
16135
50330
33704
46477
28597
3611
46938
43218
34943
40874
4694
31263
55761
30113
40320
17546
14355
59036
37848
30055
31120
7738
48214
52979
22142
34411
14702
30256
63447
26043
25670
27264
17983
60053
41456
14667
33122
19052
45151
57331
12930
26417
29575
30553
62148
25030
12574
37490
26749
53387
42984
5186
33853
34718
38518
52426
12934
21278
42902
32397
48538
27823
12077
42091
36523
38528
38828
13148
33093
43437
32651
40080
22148
23616
44946
34210
34939
31119
21081
39537
39082
30846
34434
25205
32612
41115
31373
32631
30337
29549
38278
33939
31097
32895
30843
34173
34442
32128
32894
32896
