33152
33154
32896
33154
30332
32887
35465
32644
35203
30341
27752
36478
33934
35969
35733
23408
32098
35984
33663
42392
27538
23633
35964
30339
42628
39606
19303
31578
29829
34154
51125
26530
24139
31613
22879
50053
43222
20840
33129
18286
33607
57294
27820
31582
24711
13102
54400
44002
29298
37267
5715
31779
55761
31395
44170
19866
8205
50297
38340
41600
42179
2635
30241
44212
34181
55222
19628
10253
41845
29585
51336
46055
5967
30259
30353
34912
62164
22199
17445
32633
20058
56455
47607
14429
32344
17007
33854
62942
26295
28751
25221
12332
56449
45550
26479
36489
6999
32038
57556
30632
41600
20631
8208
51577
39885
39038
41402
2636
30239
46778
33676
53422
19626
8971
43636
31388
49542
45538
4687
29997
33176
34920
61391
21687
15391
34423
21862
55687
47862
12379
31567
19574
34116
63453
25529
26181
26754
13365
56449
46578
23916
35454
8796
32040
59351
29869
39030
21396
8468
52601
41430
36476
40369
3150
30238
49344
33171
51365
19879
8203
45172
33447
47493
45275
3918
29480
35999
34671
60105
21430
13593
36213
23665
54663
47860
10585
31047
22141
34122
63707
25019
23613
28287
14910
56449
47349
21353
34676
10593
32044
60633
29361
36204
22416
8985
53625
42973
33913
39591
3921
30238
51909
32666
49052
20132
7691
46707
35250
45443
44500
3407
29220
39078
34423
58818
21173
11797
38003
25724
53382
47857
8791
30526
24963
34129
63448
24508
21044
29820
16456
56450
48119
19047
33898
12646
32305
61914
28597
33634
23693
9503
54394
44260
31351
38812
4948
30238
53961
32160
46482
20641
7180
48243
37052
43138
43980
3151
28960
41900
34175
57275
20915
10513
39794
27784
51845
47597
7510
29751
27786
33880
62933
23997
18733
31353
18002
55938
48632
16740
32863
14956
32310
62682
27833
30808
24713
10534
54906
45546
28788
37778
6232
30240
56013
31654
43912
21149
7182
49523
39110
40832
43203
2896
28957
44722
33670
55475
20913
9231
41585
29587
50309
47336
6229
29232
30609
33888
62416
23485
16678
33143
19804
55426
48888
14690
32086
17522
32572
63450
27324
28238
25989
11566
55163
46831
26226
36743
7515
30242
58064
31148
41342
21914
7186
50803
40655
38526
42170
3154
28699
47032
33422
52393
21932
10262
42097
31899
46211
44498
10332
29755
33426
33646
53688
26028
20285
34168
25712
46465
42954
20845
32098
25723
32862
48558
29855
29540
30337
24160
42110
38830
29562
33919
25205
32099
40601
32142
34429
30597
27497
36477
34448
33407
33927
29563
32630
34181
32897
33409
32897
