1.31592e+07
8.37683e+06
1831.39
2.79284e+06
2602.58
1.67568e+06
1490.27
1.1981e+06
1403.78
930431
509.108
760803
742.917
644202
1182.36
558014
692.383
491793
2129.94
441042
2169.05
400368
1457.8
364581
1922.97
336379
1463.78
312403
73.8147
290095
1696.59
271756
678.129
255148
1716.46
238789
1512.5
227037
966.356
214833
2206.69
204895
4260.63
194725
2790.03
188541
1144.76
181235
1435.48
171092
1559.68
166269
979.4
158032
867.178
152265
2208.97
149643
1217.8
143338
2035.18
137371
1350.63
133850
865.025
130989
2428.72
123433
1512.86
120894
2713.33
119298
2335.89
117438
799.017
113792
646.309
110399
552.505
106412
1758.95
103054
2238.22
102612
937.902
99055.1
2402.62
97195.9
2489.63
96971.3
833.712
94153
1284.82
92040.5
1335.01
88227.8
1366.23
83750.5
4335.66
82697.8
3712.01
80915.8
5722.41
82440.9
5564.24
82715
2294.37
80175.4
751.244
76653.8
1259.66
72448.3
1273.76
66218
4802.02
63980.3
14088.5
65903.2
16638
69168.5
17505.3
74428.7
9271.52
72288
4152.12
59315.6
10992.7
42813.7
3109.49
48671.3
39897.6
78265.3
124647
93887.1
276863
53851
540803
179883
1.31564e+06
2.64489e+06
2.42659e+06
938806
306233
445475
14315
238437
79045.5
105876
93256.1
38503.3
73360.5
49064.2
38949
61616.9
13136.9
59909.1
4040.15
49893
5063.03
44906.9
457.636
43104.4
6800.2
42560
11414.9
47299.6
10766.2
50804.9
9933.59
55741.5
3402.9
53651
2392.48
52725.8
4181.04
48475.7
1682.35
46526.7
3287.36
45192.6
4440.76
45565.7
5370.58
48814.5
3884.88
50118.5
722.783
49152.9
1535.06
47091.5
1556.21
45865.6
1652.75
43537.2
383.508
42860.9
2555.04
41896.1
5792.33
46125.3
3488.01
47115.4
1911.06
47022.7
983.028
44379.3
1923.78
43902.4
1614.35
41343.3
1295.64
40570.8
4026.76
41300.4
5079.95
44516.2
3002.2
43461.5
3024.3
44845
2969.73
41378.3
3434.24
37179.9
397.441
36696.6
1394.5
36194.3
3208.26
35675.2
6802.38
40693.3
4052.66
42355.9
1087.2
40431.2
3447.64
35826.5
3353.11
33397.3
3306.26
26954.5
2626.28
26143.8
8651.01
25425.6
15613.4
31716.3
14866.5
37663.2
9330.75
40469.4
6636.26
29440.2
20612.7
11042.1
21715.3
53757.6
8808.44
110806
88998
158590
243509
170228
553311
67166.9
1.63497e+06
2.73019e+06
2.20172e+06
632807
437433
379324
109480
236395
18494.6
123083
57440.3
44158.2
56906.9
15186.8
33585.4
34149.9
9858.16
36008.3
4859.19
29515.1
9379.98
22563.9
6543.01
19572.5
2464.17
20502.7
7405.88
26308.8
9370.98
31232.2
6838.47
36221.6
1175.15
32930.8
2093.88
31727.6
1163.66
31423.3
887.685
29447.7
2285.5
30579
2284.9
31252.2
3298.16
33088.6
4769.24
36040
1541.81
34199
791.973
33664.4
2566.97
31367.1
805.272
32815.8
930.807
30916.1
1384.72
31098.2
3341.77
33280
2520.04
34007.6
2387.3
35274.1
1207.48
33042
788.692
32051.2
964.836
33616.3
1666.11
30285.1
2768.03
33864.4
963.625
33861.6
774.254
33864.7
1188.43
32554
1129.14
32299.7
1011.49
33246.4
1285.26
32172.8
574.969
31855.1
1653.78
34057.8
844.742
31983.1
1246.41
33736.6
1197.8
31704.6
2443.55
33844.1
1013.64
32486.9
812.572
31569.4
746.163
32814.3
1978.31
31004.3
2691.06
34802.9
586.418
33136.9
422.139
34192.9
2060.72
32155.5
1921.61
32360
1544.97
31278.5
1314.64
32050.3
2150.75
30540.7
1360.69
32529.6
223.1
32311.8
1188.61
33257.1
1542.28
30616.9
1511.02
32744.5
764
32744.5
1511.02
30616.9
1542.28
33257.1
1188.61
32311.8
223.1
32529.6
1360.69
30540.7
2150.75
32050.3
1314.64
31278.5
1544.97
32360
1921.61
32155.5
2060.72
34192.9
422.139
33136.9
586.418
34802.9
2691.06
31004.3
1978.31
32814.3
746.163
31569.4
812.572
32486.9
1013.64
33844.1
2443.55
31704.6
1197.8
33736.6
1246.41
31983.1
844.742
34057.8
1653.78
31855.1
574.969
32172.8
1285.26
33246.4
1011.49
32299.7
1129.14
32554
1188.43
33864.7
774.254
33861.6
963.625
33864.4
2768.03
30285.1
1666.11
33616.3
964.836
32051.2
788.692
33042
1207.48
35274.1
2387.3
34007.6
2520.04
33280
3341.77
31098.2
1384.72
30916.1
930.807
32815.8
805.272
31367.1
2566.97
33664.4
791.973
34199
1541.81
36040
4769.24
33088.6
3298.16
31252.2
2284.9
30579
2285.5
29447.7
887.685
31423.3
1163.66
31727.6
2093.88
32930.8
1175.15
36221.6
6838.47
31232.2
9370.98
26308.8
7405.88
20502.7
2464.17
19572.5
6543.01
22563.9
9379.98
29515.1
4859.19
36008.3
9858.16
34149.9
33585.4
15186.8
56906.9
44158.2
57440.3
123083
18494.6
236395
109480
379324
437433
632807
2.20172e+06
2.73019e+06
1.63497e+06
67166.9
553311
170228
243509
158590
88998
110806
8808.44
53757.6
21715.3
11042.1
20612.7
29440.2
6636.26
40469.4
9330.75
37663.2
14866.5
31716.3
15613.4
25425.6
8651.01
26143.8
2626.28
26954.5
3306.26
33397.3
3353.11
35826.5
3447.64
40431.2
1087.2
42355.9
4052.66
40693.3
6802.38
35675.2
3208.26
36194.3
1394.5
36696.6
397.441
37179.9
3434.24
41378.3
2969.73
44845
3024.3
43461.5
3002.2
44516.2
5079.95
41300.4
4026.76
40570.8
1295.64
41343.3
1614.35
43902.4
1923.78
44379.3
983.028
47022.7
1911.06
47115.4
3488.01
46125.3
5792.33
41896.1
2555.04
42860.9
383.508
43537.2
1652.75
45865.6
1556.21
47091.5
1535.06
49152.9
722.783
50118.5
3884.88
48814.5
5370.58
45565.7
4440.76
45192.6
3287.36
46526.7
1682.35
48475.7
4181.04
52725.8
2392.48
53651
3402.9
55741.5
9933.59
50804.9
10766.2
47299.6
11414.9
42560
6800.2
43104.4
457.636
44906.9
5063.03
49893
4040.15
59909.1
13136.9
61616.9
38949
49064.2
73360.5
38503.3
93256.1
105876
79045.5
238437
14315
445475
306233
938806
2.42659e+06
2.64489e+06
1.31564e+06
179883
540803
53851
276863
93887.1
124647
78265.3
39897.6
48671.3
3109.49
42813.7
10992.7
59315.6
4152.12
72288
9271.52
74428.7
17505.3
69168.5
16638
65903.2
14088.5
63980.3
4802.02
66218
1273.76
72448.3
1259.66
76653.8
751.244
80175.4
2294.37
82715
5564.24
82440.9
5722.41
80915.8
3712.01
82697.8
4335.66
83750.5
1366.23
88227.8
1335.01
92040.5
1284.82
94153
833.712
96971.3
2489.63
97195.9
2402.62
99055.1
937.902
102612
2238.22
103054
1758.95
106412
552.505
110399
646.309
113792
799.017
117438
2335.89
119298
2713.33
120894
1512.86
123433
2428.72
130989
865.025
133850
1350.63
137371
2035.18
143338
1217.8
149643
2208.97
152265
867.178
158032
979.4
166269
1559.68
171092
1435.48
181235
1144.76
188541
2790.03
194725
4260.63
204895
2206.69
214833
966.356
227037
1512.5
238789
1716.46
255148
678.129
271756
1696.59
290095
73.8147
312403
1463.78
336379
1922.97
364581
1457.8
400368
2169.05
441042
2129.94
491793
692.383
558014
1182.36
644202
742.917
760803
509.108
930431
1403.78
1.1981e+06
1490.27
1.67568e+06
2602.58
2.79284e+06
1831.39
8.37683e+06
