1.31599e+07
8.37771e+06
591.843
2.79263e+06
876.701
1.67672e+06
2034.07
1.19555e+06
475.753
929617
2439.99
762751
1302.67
644985
1576.14
560308
1180.84
493027
1399.44
441098
1122.46
397902
273.463
363055
2590.23
336901
751.238
310610
1245.18
289095
1213.36
269672
857.531
254026
1932.32
240831
726.498
226822
1493.35
212387
2274.82
204805
1049.03
194142
2621.21
187249
1187.81
179413
673.128
170510
2285.72
164347
2744.62
159489
2319.66
154689
1419.54
149703
1059.43
144689
1185.64
139389
1713.27
133310
1043.19
127609
1814.2
125332
1675.93
122019
2504.86
119897
1776.4
118453
2712.92
112653
1333.07
107761
1293.41
105762
1451.7
103588
1878.03
100388
3237.51
99746.1
3131.64
98509.9
2491.15
97039
1687.63
95760.7
932.92
91510.4
977.227
89050.1
1117.26
84577.6
2015.55
83602.9
4218.07
82832.1
5197.18
82305.7
5885.57
83166.1
2152.42
80736.6
2339.18
77073.4
3234.31
70713.8
1193.17
66037.5
5387.89
63842.6
11116.1
62532.3
18518.7
69224.4
17106.7
73623.2
8914.43
70412.6
3166.72
60741.1
11751.1
41643
2199.34
48867.9
38562.7
77887.7
126032
92790.2
275455
55897.2
540787
179939
1.31632e+06
2.64634e+06
2.42824e+06
939939
305564
444616
14828.2
238170
78476.9
105877
92081
38305.4
73315.2
49728.9
39288.3
62301.9
9971.39
57355.1
2197.57
50247.3
8038.07
43290.1
758.636
40907.8
6956.91
41568.4
12894.3
47050.6
12686.5
52186
7558.74
53833.4
3467.65
53118
1513.03
50684.7
2254.2
45423.9
3051.38
48555.4
3055.6
46240.2
2984.2
45838.7
5325.15
48735.5
4210.94
50209.1
2038.98
47983.7
3207.38
50490.2
3315.21
45724.7
888.994
44207.5
2603.32
45671.3
2350
45992.5
1859.98
45120.7
3343.82
47282.8
1060.24
46203.9
804.687
43850.1
2529.21
46275.4
147.096
44505.9
117.218
42628.2
3749.97
45326.1
1555.76
44306.9
1138.72
43697.6
588.489
43844.5
2601.27
40140.2
3862.29
39708.8
3757.01
39508.1
3425.46
41868.4
2006.92
42231.9
816.752
42180.1
1601.79
38446
1885.37
40121.2
165.41
38295.6
1369.67
38016.9
3199.84
38471.4
3889.17
39938.3
3672.08
41831.4
2131.13
38972.9
697.023
38217
835.224
37276.9
1577.26
34518.5
3455.12
36135.5
3540.94
35175.1
7759.58
38771.4
3969.31
39154.6
2826.53
37477.3
1861.03
36425.2
3089.51
30466
1413.42
28597.6
5627.6
25834.7
13894.9
29053.1
18681.2
34012.4
17311.1
39229.4
9214.1
38289.6
3735.32
28077.9
12321.5
26625.2
2654.84
56202.6
37996.2
94722.6
125243
110396
274896
66581.6
540879
154603
1.31455e+06
2.62056e+06
2.42459e+06
958749
306578
465648
13255.5
255208
77938.2
121185
91703.8
38205.5
70424.9
23343.7
42083.3
38581.6
14022.7
37592
4695.61
29101.6
5819.81
23322.5
2682.76
22584.8
6794.75
25177.3
11763.5
28116.1
11242.3
32662.1
5399.22
33161.1
4137.66
33756.8
646.307
32524.7
2917.62
28303.9
2723.02
29699.2
4705.66
31077.1
3718.18
30828.4
5236.08
34334
2301.13
33056.2
3749.89
36234
1617.74
35373.6
1674.49
33374.5
2608.29
30751.9
1190.11
33117.5
3584.71
30931.6
1549.62
32687.9
310.577
31996.4
1147.88
31790.7
1487.8
32852.2
812.097
32745.7
589.904
32671.2
290.342
31855.1
1272.95
32851.7
2331.14
33994.9
433.99
32967.4
1265.62
32838.1
2231.79
32273.1
2382.63
32871.8
1852.27
31075.7
2158.26
31015.5
1588.04
32546.8
265.394
31304.8
2539.49
32625
1079.59
32533.3
2117.83
34627.9
969.845
32375.8
1616.13
33274.8
798.584
32447.7
1024
32447.7
798.584
33274.8
1616.13
32375.8
969.845
34627.9
2117.83
32533.3
1079.59
32625
2539.49
31304.8
265.394
32546.8
1588.04
31015.5
2158.26
31075.7
1852.27
32871.8
2382.63
32273.1
2231.79
32838.1
1265.62
32967.4
433.99
33994.9
2331.14
32851.7
1272.95
31855.1
290.342
32671.2
589.904
32745.7
812.097
32852.2
1487.8
31790.7
1147.88
31996.4
310.577
32687.9
1549.62
30931.6
3584.71
33117.5
1190.11
30751.9
2608.29
33374.5
1674.49
35373.6
1617.74
36234
3749.89
33056.2
2301.13
34334
5236.08
30828.4
3718.18
31077.1
4705.66
29699.2
2723.02
28303.9
2917.62
32524.7
646.307
33756.8
4137.66
33161.1
5399.22
32662.1
11242.3
28116.1
11763.5
25177.3
6794.75
22584.8
2682.76
23322.5
5819.81
29101.6
4695.61
37592
14022.7
38581.6
42083.3
23343.7
70424.9
38205.5
91703.8
121185
77938.2
255208
13255.5
465648
306578
958749
2.42459e+06
2.62056e+06
1.31455e+06
154603
540879
66581.6
274896
110396
125243
94722.6
37996.2
56202.6
2654.84
26625.2
12321.5
28077.9
3735.32
38289.6
9214.1
39229.4
17311.1
34012.4
18681.2
29053.1
13894.9
25834.7
5627.6
28597.6
1413.42
30466
3089.51
36425.2
1861.03
37477.3
2826.53
39154.6
3969.31
38771.4
7759.58
35175.1
3540.94
36135.5
3455.12
34518.5
1577.26
37276.9
835.224
38217
697.023
38972.9
2131.13
41831.4
3672.08
39938.3
3889.17
38471.4
3199.84
38016.9
1369.67
38295.6
165.41
40121.2
1885.37
38446
1601.79
42180.1
816.752
42231.9
2006.92
41868.4
3425.46
39508.1
3757.01
39708.8
3862.29
40140.2
2601.27
43844.5
588.489
43697.6
1138.72
44306.9
1555.76
45326.1
3749.97
42628.2
117.218
44505.9
147.096
46275.4
2529.21
43850.1
804.687
46203.9
1060.24
47282.8
3343.82
45120.7
1859.98
45992.5
2350
45671.3
2603.32
44207.5
888.994
45724.7
3315.21
50490.2
3207.38
47983.7
2038.98
50209.1
4210.94
48735.5
5325.15
45838.7
2984.2
46240.2
3055.6
48555.4
3051.38
45423.9
2254.2
50684.7
1513.03
53118
3467.65
53833.4
7558.74
52186
12686.5
47050.6
12894.3
41568.4
6956.91
40907.8
758.636
43290.1
8038.07
50247.3
2197.57
57355.1
9971.39
62301.9
39288.3
49728.9
73315.2
38305.4
92081
105877
78476.9
238170
14828.2
444616
305564
939939
2.42824e+06
2.64634e+06
1.31632e+06
179939
540787
55897.2
275455
92790.2
126032
77887.7
38562.7
48867.9
2199.34
41643
11751.1
60741.1
3166.72
70412.6
8914.43
73623.2
17106.7
69224.4
18518.7
62532.3
11116.1
63842.6
5387.89
66037.5
1193.17
70713.8
3234.31
77073.4
2339.18
80736.6
2152.42
83166.1
5885.57
82305.7
5197.18
82832.1
4218.07
83602.9
2015.55
84577.6
1117.26
89050.1
977.227
91510.4
932.92
95760.7
1687.63
97039
2491.15
98509.9
3131.64
99746.1
3237.51
100388
1878.03
103588
1451.7
105762
1293.41
107761
1333.07
112653
2712.92
118453
1776.4
119897
2504.86
122019
1675.93
125332
1814.2
127609
1043.19
133310
1713.27
139389
1185.64
144689
1059.43
149703
1419.54
154689
2319.66
159489
2744.62
164347
2285.72
170510
673.128
179413
1187.81
187249
2621.21
194142
1049.03
204805
2274.82
212387
1493.35
226822
726.498
240831
1932.32
254026
857.531
269672
1213.36
289095
1245.18
310610
751.238
336901
2590.23
363055
273.463
397902
1122.46
441098
1399.44
493027
1180.84
560308
1576.14
644985
1302.67
762751
2439.99
929617
475.753
1.19555e+06
2034.07
1.67672e+06
876.701
2.79263e+06
591.843
8.37771e+06
