1.31589e+07
8.37719e+06
214.23
2.79297e+06
2017.15
1.67371e+06
1665.75
1.19787e+06
1865.48
930162
970.222
760408
2095.18
644649
1589.02
560095
379.067
493078
1962.01
440459
1733.41
400644
1152.76
363954
1535.93
335228
1221.78
311174
1507.61
292110
2382.43
269732
860.217
253885
418.489
238596
1796.67
226800
1495.69
216400
903.083
206707
2209.56
194277
1387.53
185893
1555.61
178740
1834.65
173124
745.329
166588
1777.24
157863
1350.83
154073
977.049
147933
1279.49
144132
261.025
139594
1733.3
133334
357.049
130638
3259.81
124190
1367.29
121546
1730.73
118560
2590.95
116174
473.765
112447
617.55
110547
1622.4
105275
638.493
102939
1793.4
101596
649.253
97829.6
3091.13
97337
2665.22
95145.2
1957.6
95443.1
1972.35
90500.8
2155.25
87397.3
1555.96
82831.3
1933.96
82081.3
3368.44
78785.7
6948.18
81568.8
6569.38
81384
3966.97
80191.3
1194.39
77633.1
1652.91
71283.9
263.015
66029.9
6695.16
64958.1
12393.5
65931
17541.2
68096.7
17646.7
73917.4
9565.48
71413.4
2036.07
60314.7
10812.5
44603.7
3507.39
48274.1
37541.7
78559.3
126044
93189.8
274306
56424.7
540350
178498
1.31705e+06
2.64604e+06
2.42736e+06
938968
306589
445426
14567.1
238181
77884.3
106978
93340.9
38772.6
70924.1
48403
40812.9
59966.5
13901
58239.5
854.359
51010.7
5663.61
45016.1
1726.94
40781
6581.58
44206.4
11728.4
46544.6
12760.7
52130.9
8903.85
54318.2
4271.57
52156.5
2588.41
50514.8
1944.31
45611.7
2649.19
46538.2
3125.57
46511.4
5732.8
50116.7
5542.03
48292.2
4201.95
49795.2
6168.9
48165.9
3454.43
48269.7
2919.72
46870.3
1362.09
43880.5
3129.43
46469.9
1393.98
44198.5
5353.77
46391
7218.73
45045.6
5965.54
45991.2
5252.3
46909.1
4135.01
46031.5
1480.21
43142.8
686.687
42478.8
879.483
40408.7
7098.83
42414.9
11862.5
42739.4
16400.4
42377.8
18251.2
44160.8
14326.1
45113.2
7071.53
43669.5
1414.12
41127.7
2357.17
45243.5
27668.6
59926
79002.9
60612.9
160053
39007
272097
129268
413566
450303
669450
2.21409e+06
2.6936e+06
1.6245e+06
105806
540767
207880
232398
195864
82982.7
144501
38606.9
86627.2
48580.6
40133.9
48919.7
10113.2
40059.3
1317.69
37825.6
1269.91
36965.3
9672
36801.5
15760.6
38036.3
16842.5
37403.4
14508.2
39098.3
7963.09
38647.2
1812.93
37840
1542.63
34639.4
2150.27
36990.3
3372.66
36017.1
4690.89
35172.3
6870.78
36297.9
5324.63
36661.9
2287.69
36172.2
1993.71
36749.9
1799.88
38300.8
1832.13
35653.8
2720.98
34521.3
3841.9
36375.1
3604.36
35538.2
1917.35
34737.6
1432.52
34710.8
1765.77
36521.3
1051.48
33371.1
1867.46
35286.6
4250.6
36444.9
1359.84
35087.4
2525.33
34786
956.98
35901.5
1451.38
33067.9
1929.55
34737
360.22
34206.7
1006.99
34747.2
1475.78
35303.5
283.244
34465.5
431.316
34432.5
695.049
35208.2
1535.28
33104.8
1617.79
34215.2
1012.69
32676.1
979.258
32993.6
2670.48
35846
2038.76
32512.1
2282.99
33881.6
685.498
34118.5
185.886
33653.3
486.101
34948.3
1628.73
33551.1
2435.66
30823.2
2310.27
33308.4
1327.98
34036.6
3682.41
34589.1
1511.16
32657.1
1274.2
33992.5
1737.05
32558.7
834.408
32141.5
295.364
33362.4
1837.32
30846.1
265.772
30483.6
2933.64
34402
2452.32
32088.2
1656.01
32693.3
1886.05
34797.4
1370.76
33574.2
1978.63
33720.9
1115.81
33684.2
1350.12
32627
973.279
33062.5
1722.54
32150.3
1926.47
31067.6
1
31067.6
1926.47
32150.3
1722.54
33062.5
973.279
32627
1350.12
33684.2
1115.81
33720.9
1978.63
33574.2
1370.76
34797.4
1886.05
32693.3
1656.01
32088.2
2452.32
34402
2933.64
30483.6
265.772
30846.1
1837.32
33362.4
295.364
32141.5
834.408
32558.7
1737.05
33992.5
1274.2
32657.1
1511.16
34589.1
3682.41
34036.6
1327.98
33308.4
2310.27
30823.2
2435.66
33551.1
1628.73
34948.3
486.101
33653.3
185.886
34118.5
685.498
33881.6
2282.99
32512.1
2038.76
35846
2670.48
32993.6
979.258
32676.1
1012.69
34215.2
1617.79
33104.8
1535.28
35208.2
695.049
34432.5
431.316
34465.5
283.244
35303.5
1475.78
34747.2
1006.99
34206.7
360.22
34737
1929.55
33067.9
1451.38
35901.5
956.98
34786
2525.33
35087.4
1359.84
36444.9
4250.6
35286.6
1867.46
33371.1
1051.48
36521.3
1765.77
34710.8
1432.52
34737.6
1917.35
35538.2
3604.36
36375.1
3841.9
34521.3
2720.98
35653.8
1832.13
38300.8
1799.88
36749.9
1993.71
36172.2
2287.69
36661.9
5324.63
36297.9
6870.78
35172.3
4690.89
36017.1
3372.66
36990.3
2150.27
34639.4
1542.63
37840
1812.93
38647.2
7963.09
39098.3
14508.2
37403.4
16842.5
38036.3
15760.6
36801.5
9672
36965.3
1269.91
37825.6
1317.69
40059.3
10113.2
48919.7
40133.9
48580.6
86627.2
38606.9
144501
82982.7
195864
232398
207880
540767
105806
1.6245e+06
2.6936e+06
2.21409e+06
669450
450303
413566
129268
272097
39007
160053
60612.9
79002.9
59926
27668.6
45243.5
2357.17
41127.7
1414.12
43669.5
7071.53
45113.2
14326.1
44160.8
18251.2
42377.8
16400.4
42739.4
11862.5
42414.9
7098.83
40408.7
879.483
42478.8
686.687
43142.8
1480.21
46031.5
4135.01
46909.1
5252.3
45991.2
5965.54
45045.6
7218.73
46391
5353.77
44198.5
1393.98
46469.9
3129.43
43880.5
1362.09
46870.3
2919.72
48269.7
3454.43
48165.9
6168.9
49795.2
4201.95
48292.2
5542.03
50116.7
5732.8
46511.4
3125.57
46538.2
2649.19
45611.7
1944.31
50514.8
2588.41
52156.5
4271.57
54318.2
8903.85
52130.9
12760.7
46544.6
11728.4
44206.4
6581.58
40781
1726.94
45016.1
5663.61
51010.7
854.359
58239.5
13901
59966.5
40812.9
48403
70924.1
38772.6
93340.9
106978
77884.3
238181
14567.1
445426
306589
938968
2.42736e+06
2.64604e+06
1.31705e+06
178498
540350
56424.7
274306
93189.8
126044
78559.3
37541.7
48274.1
3507.39
44603.7
10812.5
60314.7
2036.07
71413.4
9565.48
73917.4
17646.7
68096.7
17541.2
65931
12393.5
64958.1
6695.16
66029.9
263.015
71283.9
1652.91
77633.1
1194.39
80191.3
3966.97
81384
6569.38
81568.8
6948.18
78785.7
3368.44
82081.3
1933.96
82831.3
1555.96
87397.3
2155.25
90500.8
1972.35
95443.1
1957.6
95145.2
2665.22
97337
3091.13
97829.6
649.253
101596
1793.4
102939
638.493
105275
1622.4
110547
617.55
112447
473.765
116174
2590.95
118560
1730.73
121546
1367.29
124190
3259.81
130638
357.049
133334
1733.3
139594
261.025
144132
1279.49
147933
977.049
154073
1350.83
157863
1777.24
166588
745.329
173124
1834.65
178740
1555.61
185893
1387.53
194277
2209.56
206707
903.083
216400
1495.69
226800
1796.67
238596
418.489
253885
860.217
269732
2382.43
292110
1507.61
311174
1221.78
335228
1535.93
363954
1152.76
400644
1733.41
440459
1962.01
493078
379.067
560095
1589.02
644649
2095.18
760408
970.222
930162
1865.48
1.19787e+06
1665.75
1.67371e+06
2017.15
2.79297e+06
214.23
8.37719e+06
