1.31566e+07
8.37588e+06
1345.64
2.79218e+06
1050.65
1.67347e+06
2055.21
1.19804e+06
1560.03
931881
1570.13
761598
974.866
643887
661.428
557634
1660.91
492162
1046.41
440852
2232.9
401078
1505.88
363925
469.915
334630
1284.86
311472
2653.35
289791
941.376
271457
815.187
255010
551.408
239983
536.645
227618
1694.3
214028
1306.61
206200
1020.52
194834
1276.67
187099
604.437
178666
584.644
170984
1743.36
166641
186.118
159886
1390.06
153014
1050.39
147624
716.665
143172
686.969
138444
2012.09
135150
539.055
130167
1703.97
127062
1897.94
120819
2685.25
120217
1417.46
117176
969.688
113107
1251.04
110391
408.684
107864
1404.33
104408
1441.45
103245
2140.01
101545
1358.2
97182.7
1181.81
96632.4
606.286
93937.6
2889.59
92313.8
2008.39
89175.1
2683.49
86635.8
4378.34
87784.9
2234.27
85583.4
2076.42
83094.6
3337.28
82235.4
1727.64
80689
1676.04
80477.2
3018.22
77322.5
6082.4
76991.7
6369.39
75230.2
6824.05
74214.4
3031.45
72222.6
577.642
71871.7
331.536
70414.6
3446.57
69087.7
7076.41
69679.4
14846.5
66731.4
16603.3
66757.9
19384.6
66240.8
11748.4
65649.5
3874.97
64611.5
561.587
62593.7
10973.3
67507.6
34971.1
74356.3
86505.9
67694.1
159918
73155.7
241393
196073
317766
523082
372811
1.94e+06
2.73241e+06
1.93789e+06
371785
521649
316313
195227
241114
68078.8
158721
60907.1
85502.2
65728.5
36069.9
61212.9
8666.54
56010.5
895.188
53416.2
6433.07
54773.4
14354.6
51339.4
17707.7
53888
16903.3
48840.2
13328.5
51139.5
6786.56
49739.1
4452.2
48715.6
2723.18
48419.8
4268.91
48094.8
5573.45
48601.3
4811.15
47039.9
7934.85
47848.6
7440.79
46155
6998.42
44204.5
5485.53
46186.4
5498.46
47110.5
8371.68
45557.1
7371.72
46276.2
5078.41
45739.3
1587.75
43239.1
4398.19
40909.1
6193.21
43918.1
10894.3
42254.5
16726
43603.5
18701.1
45594.6
16679.7
46966.5
8071.14
46135.7
1758.21
40477.2
4575.39
44364.5
26349.5
57682.5
76133.9
60562.7
160782
40339.6
273600
130388
414619
451890
669425
2.21547e+06
2.69366e+06
1.62215e+06
103139
540792
205158
235169
195649
84676.3
147223
37854
88683.2
50168.4
39443.8
49003.1
12664.5
41820.9
2080
36029.9
2410.37
37015.5
9725.87
35665.9
14369.6
34233.6
17189.2
37743
13125.2
37258.2
6694.53
38927.3
3595.04
39582.8
2530.18
35022.6
383.329
35212.8
1906.93
34215.6
5011.38
35717.1
4657.01
36197.9
6447.48
36537.1
4109.93
36966.2
2431.67
36496
1926.97
37439.9
910.049
37126.5
1951.19
35768.7
1094.45
34753.9
2520.81
36273.2
3187.56
37447.2
1759.72
37066.8
1469.46
35769.3
1499.91
33940
2013.74
37736.9
2071.87
34661.2
1367.08
34378.9
1779.6
32957.7
2451.66
35986.9
1760.95
33471.8
662.883
34464.2
319.273
34620.8
664.497
32495.3
2909.34
36871
1785.23
33938.8
711.656
33665.3
583.56
34506.9
346.165
34285.5
2326.75
33335.7
890.341
35242.3
1676.42
32910.4
1919.58
33018.3
1180.1
34158.5
1587.84
33032.3
1502.94
33201.9
580.052
33433.7
1278.7
34237.7
2016.54
31981
676.146
30975.4
2292.09
33642.1
1913.76
33102.9
725.37
32461.4
1001.44
32380
1660.1
33604.6
1318.32
32568.2
2734
34928.5
1321.35
31793.1
2654.03
33601.2
1270.09
34055.4
1439.97
33843.7
2252.48
32446.6
1056.75
32551.9
1385.06
34466.3
791.367
33214.1
791.679
32193.5
999.808
34315.7
2595.05
32664.4
1905.52
32237.9
527.823
32475.6
273.124
32826.3
763
32826.3
273.124
32475.6
527.823
32237.9
1905.52
32664.4
2595.05
34315.7
999.808
32193.5
791.679
33214.1
791.367
34466.3
1385.06
32551.9
1056.75
32446.6
2252.48
33843.7
1439.97
34055.4
1270.09
33601.2
2654.03
31793.1
1321.35
34928.5
2734
32568.2
1318.32
33604.6
1660.1
32380
1001.44
32461.4
725.37
33102.9
1913.76
33642.1
2292.09
30975.4
676.146
31981
2016.54
34237.7
1278.7
33433.7
580.052
33201.9
1502.94
33032.3
1587.84
34158.5
1180.1
33018.3
1919.58
32910.4
1676.42
35242.3
890.341
33335.7
2326.75
34285.5
346.165
34506.9
583.56
33665.3
711.656
33938.8
1785.23
36871
2909.34
32495.3
664.497
34620.8
319.273
34464.2
662.883
33471.8
1760.95
35986.9
2451.66
32957.7
1779.6
34378.9
1367.08
34661.2
2071.87
37736.9
2013.74
33940
1499.91
35769.3
1469.46
37066.8
1759.72
37447.2
3187.56
36273.2
2520.81
34753.9
1094.45
35768.7
1951.19
37126.5
910.049
37439.9
1926.97
36496
2431.67
36966.2
4109.93
36537.1
6447.48
36197.9
4657.01
35717.1
5011.38
34215.6
1906.93
35212.8
383.329
35022.6
2530.18
39582.8
3595.04
38927.3
6694.53
37258.2
13125.2
37743
17189.2
34233.6
14369.6
35665.9
9725.87
37015.5
2410.37
36029.9
2080
41820.9
12664.5
49003.1
39443.8
50168.4
88683.2
37854
147223
84676.3
195649
235169
205158
540792
103139
1.62215e+06
2.69366e+06
2.21547e+06
669425
451890
414619
130388
273600
40339.6
160782
60562.7
76133.9
57682.5
26349.5
44364.5
4575.39
40477.2
1758.21
46135.7
8071.14
46966.5
16679.7
45594.6
18701.1
43603.5
16726
42254.5
10894.3
43918.1
6193.21
40909.1
4398.19
43239.1
1587.75
45739.3
5078.41
46276.2
7371.72
45557.1
8371.68
47110.5
5498.46
46186.4
5485.53
44204.5
6998.42
46155
7440.79
47848.6
7934.85
47039.9
4811.15
48601.3
5573.45
48094.8
4268.91
48419.8
2723.18
48715.6
4452.2
49739.1
6786.56
51139.5
13328.5
48840.2
16903.3
53888
17707.7
51339.4
14354.6
54773.4
6433.07
53416.2
895.188
56010.5
8666.54
61212.9
36069.9
65728.5
85502.2
60907.1
158721
68078.8
241114
195227
316313
521649
371785
1.93789e+06
2.73241e+06
1.94e+06
372811
523082
317766
196073
241393
73155.7
159918
67694.1
86505.9
74356.3
34971.1
67507.6
10973.3
62593.7
561.587
64611.5
3874.97
65649.5
11748.4
66240.8
19384.6
66757.9
16603.3
66731.4
14846.5
69679.4
7076.41
69087.7
3446.57
70414.6
331.536
71871.7
577.642
72222.6
3031.45
74214.4
6824.05
75230.2
6369.39
76991.7
6082.4
77322.5
3018.22
80477.2
1676.04
80689
1727.64
82235.4
3337.28
83094.6
2076.42
85583.4
2234.27
87784.9
4378.34
86635.8
2683.49
89175.1
2008.39
92313.8
2889.59
93937.6
606.286
96632.4
1181.81
97182.7
1358.2
101545
2140.01
103245
1441.45
104408
1404.33
107864
408.684
110391
1251.04
113107
969.688
117176
1417.46
120217
2685.25
120819
1897.94
127062
1703.97
130167
539.055
135150
2012.09
138444
686.969
143172
716.665
147624
1050.39
153014
1390.06
159886
186.118
166641
1743.36
170984
584.644
178666
604.437
187099
1276.67
194834
1020.52
206200
1306.61
214028
1694.3
227618
536.645
239983
551.408
255010
815.187
271457
941.376
289791
2653.35
311472
1284.86
334630
469.915
363925
1505.88
401078
2232.9
440852
1046.41
492162
1660.91
557634
661.428
643887
974.866
761598
1570.13
931881
1560.03
1.19804e+06
2055.21
1.67347e+06
1050.65
2.79218e+06
1345.64
8.37588e+06
