1.31569e+07
8.37586e+06
1112.06
2.79102e+06
1598.42
1.67576e+06
1267.05
1.19818e+06
2785.57
929344
1905.19
763751
2717.31
643595
1593.38
557084
2562.84
493338
1772.29
439900
2120.77
399975
1928.28
364137
1815.03
335537
1693.11
312393
807.424
289969
773.721
270182
137.93
253417
1546.8
239954
2469.98
227419
1626.17
216470
1383.38
205226
1588.98
196370
1802.56
189350
426.791
181313
1429.4
172410
3552.21
165746
552.572
159014
913.919
153911
896.279
148374
1490.59
144479
1035.32
138168
860.531
134441
1969.26
133309
2519.82
126400
1468.12
124495
1994.38
119470
538.423
117785
1597.7
113458
1053.35
110561
1099.48
108024
2291.78
104094
1378.35
102148
1221.28
99740.4
1878.05
97463.9
371.278
95726.3
807.706
93052.9
336.056
90797.9
3019.74
91071.4
1079.2
88577.7
3263.53
86844.9
4589.9
82087.9
2659.16
84258.3
1067.37
82399.8
671.097
81603.3
2410.64
79454.5
1909.38
78371.1
4636.56
74854.3
6474.01
75717
5694.82
74133.4
3971.87
72464.6
1147.16
71906
1527.62
71691.7
2270.55
69196.4
8132.06
68615.9
12231.8
69161
16652.4
63550.9
17937.4
67342.6
12873.1
64453.1
4104.98
63851.9
2136.99
64508.8
8311.77
68632.9
35128.9
71516.5
84731.7
66496.2
158251
70863.9
239493
196004
317032
523392
370727
1.93846e+06
2.73275e+06
1.93825e+06
370470
523204
316215
196414
241238
66706.5
157286
58078.9
86283.4
65881.3
35203.2
59741.6
8513.71
54042.3
709.113
54122.7
4511.7
53803.2
13540.6
50425.6
16776.9
50676.7
15918.5
50704.3
12308.1
49059.4
6662.57
52117.8
3095.54
48883.2
2072.75
47617.6
2052.2
46091.1
2673.62
47369
4791.14
46649.6
4137.11
44802.2
3683.2
45149.7
3937.04
45721.1
1856.04
46752.4
489.567
46578.4
1814.84
43784.3
318.99
44067
1420.24
41747.8
3755.7
42238.6
3176
41600.6
3103.44
42262.4
1736.48
42946.4
2342.39
42385.6
1786.69
40418.8
1442.1
41693.9
2866.42
37430.1
1578.7
36509.7
2815.04
36423.7
3731.13
36116.1
7263.26
41908.4
2604.66
41614
2961.75
36721.8
2175.75
34349.6
2730.8
28265.5
2637.56
25399.9
9054.71
25541.8
16526.3
33045.8
15022.2
38357.2
8414.59
39686.4
6822.71
28854
18318.5
13389.4
21012
53021.7
9196.49
110135
89533
157546
244203
168543
552428
67751.5
1.63613e+06
2.73268e+06
2.2031e+06
631844
438797
378848
111278
237588
17854.6
125050
59859.4
42316.1
55431.8
14916.2
33897.8
33717.9
9618.75
35804.2
3943.64
30071.8
9349.81
23007.6
6318.35
17928.4
3705.66
21581.9
6926.14
24990.8
8931.44
30714.1
6378.06
33378.1
4859.4
37051.2
2168.63
34158.5
3089.65
30466
1483.31
28817.4
2534.92
29291.6
4353.06
32403.3
4154.88
34942
2447.1
36170.7
347.006
35200.2
1909.19
32922.2
721.137
33156.9
1700.98
32628.7
2050.22
29909.6
1679.21
31692.5
2603.01
33736.1
1310.16
33986.7
693.522
32790.8
818.569
31529.9
1758.78
31517.2
2683.17
33794.7
442.92
32209.2
1524.52
32539.7
2377.8
34441.6
497.572
33604.3
867.911
34396.9
183.369
34388.3
2882.17
31838.2
1382.07
32945.3
694.375
31853.1
1508.05
32622.9
1274.49
33426.2
1531.53
32909.4
926.175
34190.8
1385.96
32631.3
1463.24
32488
891.156
33050.2
715.891
31859.2
686.651
32688.6
1129.39
32275
2085.69
33275.1
757.92
33269.2
275.576
33605.1
1229.08
32754.6
679.718
32717.3
1264.42
31196
1443.58
33441.2
1634.39
32652.5
556.174
33040.1
1884.35
31680.4
1396.86
30542.8
1422.55
32140.6
518
32140.6
1422.55
30542.8
1396.86
31680.4
1884.35
33040.1
556.174
32652.5
1634.39
33441.2
1443.58
31196
1264.42
32717.3
679.718
32754.6
1229.08
33605.1
275.576
33269.2
757.92
33275.1
2085.69
32275
1129.39
32688.6
686.651
31859.2
715.891
33050.2
891.156
32488
1463.24
32631.3
1385.96
34190.8
926.175
32909.4
1531.53
33426.2
1274.49
32622.9
1508.05
31853.1
694.375
32945.3
1382.07
31838.2
2882.17
34388.3
183.369
34396.9
867.911
33604.3
497.572
34441.6
2377.8
32539.7
1524.52
32209.2
442.92
33794.7
2683.17
31517.2
1758.78
31529.9
818.569
32790.8
693.522
33986.7
1310.16
33736.1
2603.01
31692.5
1679.21
29909.6
2050.22
32628.7
1700.98
33156.9
721.137
32922.2
1909.19
35200.2
347.006
36170.7
2447.1
34942
4154.88
32403.3
4353.06
29291.6
2534.92
28817.4
1483.31
30466
3089.65
34158.5
2168.63
37051.2
4859.4
33378.1
6378.06
30714.1
8931.44
24990.8
6926.14
21581.9
3705.66
17928.4
6318.35
23007.6
9349.81
30071.8
3943.64
35804.2
9618.75
33717.9
33897.8
14916.2
55431.8
42316.1
59859.4
125050
17854.6
237588
111278
378848
438797
631844
2.2031e+06
2.73268e+06
1.63613e+06
67751.5
552428
168543
244203
157546
89533
110135
9196.49
53021.7
21012
13389.4
18318.5
28854
6822.71
39686.4
8414.59
38357.2
15022.2
33045.8
16526.3
25541.8
9054.71
25399.9
2637.56
28265.5
2730.8
34349.6
2175.75
36721.8
2961.75
41614
2604.66
41908.4
7263.26
36116.1
3731.13
36423.7
2815.04
36509.7
1578.7
37430.1
2866.42
41693.9
1442.1
40418.8
1786.69
42385.6
2342.39
42946.4
1736.48
42262.4
3103.44
41600.6
3176
42238.6
3755.7
41747.8
1420.24
44067
318.99
43784.3
1814.84
46578.4
489.567
46752.4
1856.04
45721.1
3937.04
45149.7
3683.2
44802.2
4137.11
46649.6
4791.14
47369
2673.62
46091.1
2052.2
47617.6
2072.75
48883.2
3095.54
52117.8
6662.57
49059.4
12308.1
50704.3
15918.5
50676.7
16776.9
50425.6
13540.6
53803.2
4511.7
54122.7
709.113
54042.3
8513.71
59741.6
35203.2
65881.3
86283.4
58078.9
157286
66706.5
241238
196414
316215
523204
370470
1.93825e+06
2.73275e+06
1.93846e+06
370727
523392
317032
196004
239493
70863.9
158251
66496.2
84731.7
71516.5
35128.9
68632.9
8311.77
64508.8
2136.99
63851.9
4104.98
64453.1
12873.1
67342.6
17937.4
63550.9
16652.4
69161
12231.8
68615.9
8132.06
69196.4
2270.55
71691.7
1527.62
71906
1147.16
72464.6
3971.87
74133.4
5694.82
75717
6474.01
74854.3
4636.56
78371.1
1909.38
79454.5
2410.64
81603.3
671.097
82399.8
1067.37
84258.3
2659.16
82087.9
4589.9
86844.9
3263.53
88577.7
1079.2
91071.4
3019.74
90797.9
336.056
93052.9
807.706
95726.3
371.278
97463.9
1878.05
99740.4
1221.28
102148
1378.35
104094
2291.78
108024
1099.48
110561
1053.35
113458
1597.7
117785
538.423
119470
1994.38
124495
1468.12
126400
2519.82
133309
1969.26
134441
860.531
138168
1035.32
144479
1490.59
148374
896.279
153911
913.919
159014
552.572
165746
3552.21
172410
1429.4
181313
426.791
189350
1802.56
196370
1588.98
205226
1383.38
216470
1626.17
227419
2469.98
239954
1546.8
253417
137.93
270182
773.721
289969
807.424
312393
1693.11
335537
1815.03
364137
1928.28
399975
2120.77
439900
1772.29
493338
2562.84
557084
1593.38
643595
2717.31
763751
1905.19
929344
2785.57
1.19818e+06
1267.05
1.67576e+06
1598.42
2.79102e+06
1112.06
8.37586e+06
