1.31605e+07
8.37771e+06
1179.89
2.79346e+06
1154.41
1.67727e+06
1384.96
1.19669e+06
523.147
930505
895.029
760041
2327.48
645982
806.562
558251
1897.55
494743
3045.89
440274
1726.42
398494
2103.62
365399
1907.84
338559
2444.76
311251
1070.02
288671
1686.66
273094
2250.89
253794
1901.19
238830
605.65
227334
828.642
213924
1981.05
207039
2084.16
193464
1409.49
186780
1231.4
180101
841.807
170650
2066.66
165641
1490.4
159150
2178.12
155721
1204.64
147535
1310.58
145017
1996.29
138473
383.238
135082
721.096
130529
1808.31
126715
2277.55
122271
608.26
119790
2150.1
114339
1398.45
113510
973.023
111453
1275.72
107549
1907.76
103608
1333.94
101545
2009.23
99858.5
3154.36
97885.6
1125.96
96619.7
988.24
91892.3
2107.35
92208.2
1268.07
90158.6
1732.35
88847.8
3528.26
87902
1948.08
86279.5
3522.94
83148.3
1015.02
82696.2
752.099
80049.6
1698.07
79569.1
3886.17
77001.8
5423.1
76819
8802.12
75065.3
6587.34
74889.6
4574.06
71963.3
1185.3
70843
1604.39
70902.9
2656.7
68810.8
6427.43
71113.9
12556.7
69224.2
18666.2
65917.6
17904
68168.7
14012.9
66678.6
3397.94
64147.2
1031.16
63216.1
7395.86
70209.8
36865.2
73447.4
87314.4
65661
157480
73937.9
240246
195888
317830
525477
369197
1.93839e+06
2.73278e+06
1.93734e+06
369674
522269
313993
197349
240401
68562.8
158205
59833.8
87021.8
66803.3
35969.9
60065.8
7601.54
54812.5
495.733
53144.2
5061.71
54490.9
13447.9
53122.3
17049
52544.5
18431.4
52498.9
12797.7
50006.1
7251.48
50799.7
938.955
49064.7
1028.52
49398.6
1458.13
48930.8
4922.83
48450.9
6370.25
47395.5
7232.21
48869.4
4751.12
48777.7
5074.15
45913.5
2035
45191.5
1197.31
43966.9
768.104
44859.6
4694.67
45269.7
3258.29
45057.3
3259.32
43600.5
1701.23
42390.9
2743.76
43191.6
1135.89
40888.8
2206.21
41747.3
639.429
41113.6
2254.71
40899.2
2747.31
42045.3
5169.99
42083.3
2730.13
42911.9
1330.04
39294.5
1778.41
40308.7
1326.27
40580.7
759.31
40167.5
967.021
37380.6
5046.32
41525.1
2931.4
39261.3
3922.13
39799.9
1366.72
39392.7
1581.19
38155.2
2453.75
40752.5
4259.84
32712.1
2773.58
34202.3
6485.75
37667.2
7026.2
39727.3
4946.88
36537.4
3052.88
38757.6
1703.33
35903.7
3170.52
30250.9
1660.69
26754.8
6509.95
27426.3
13700.7
28952
18223.4
33618.8
16934.8
39252.7
8309.49
37055.7
2473.61
27382.5
11510.5
24248.2
2302.98
56697.4
37728.9
95720.5
125343
111745
277280
66707.2
542692
156894
1.31407e+06
2.62063e+06
2.42337e+06
956559
308043
465801
13717.7
255820
78396.1
121392
93159.3
37878
71495.4
25934.1
39366.8
39034.1
11551
35903.6
2516.08
30175.3
7249.61
24069.2
1343.87
22055.2
5677.79
24586.8
10186
27657.5
10188.5
30045.2
8908.29
35162.7
3990.12
34825.8
556.185
32780.4
1766.81
30545.6
1682.5
27470.3
3173.2
30301.3
4491.84
31453.8
5258.58
32928.6
4882.51
34758.9
1471.57
35112.4
1608.66
32187.3
729.725
32646.3
1706.17
31385
415.934
31135.1
1384.95
31887
1596.98
32685.8
839.863
32168.9
1210.99
32720.2
1434.24
33649.3
430.635
32881.9
1404.28
30655.2
1753.31
31609.5
1463.09
32048.3
2272.47
32942.2
621.533
32546.7
1598.98
32927.2
750.641
32329.1
903.877
32776.3
1536.45
33202.7
421.499
32576.7
1105.69
33650.4
2114.68
32179
1454.31
33034.4
734.115
32814.7
901.991
31821.2
463.434
30874.9
2384.6
34044.6
1171.27
32227.9
2054
32227.9
1171.27
34044.6
2384.6
30874.9
463.434
31821.2
901.991
32814.7
734.115
33034.4
1454.31
32179
2114.68
33650.4
1105.69
32576.7
421.499
33202.7
1536.45
32776.3
903.877
32329.1
750.641
32927.2
1598.98
32546.7
621.533
32942.2
2272.47
32048.3
1463.09
31609.5
1753.31
30655.2
1404.28
32881.9
430.635
33649.3
1434.24
32720.2
1210.99
32168.9
839.863
32685.8
1596.98
31887
1384.95
31135.1
415.934
31385
1706.17
32646.3
729.725
32187.3
1608.66
35112.4
1471.57
34758.9
4882.51
32928.6
5258.58
31453.8
4491.84
30301.3
3173.2
27470.3
1682.5
30545.6
1766.81
32780.4
556.185
34825.8
3990.12
35162.7
8908.29
30045.2
10188.5
27657.5
10186
24586.8
5677.79
22055.2
1343.87
24069.2
7249.61
30175.3
2516.08
35903.6
11551
39034.1
39366.8
25934.1
71495.4
37878
93159.3
121392
78396.1
255820
13717.7
465801
308043
956559
2.42337e+06
2.62063e+06
1.31407e+06
156894
542692
66707.2
277280
111745
125343
95720.5
37728.9
56697.4
2302.98
24248.2
11510.5
27382.5
2473.61
37055.7
8309.49
39252.7
16934.8
33618.8
18223.4
28952
13700.7
27426.3
6509.95
26754.8
1660.69
30250.9
3170.52
35903.7
1703.33
38757.6
3052.88
36537.4
4946.88
39727.3
7026.2
37667.2
6485.75
34202.3
2773.58
32712.1
4259.84
40752.5
2453.75
38155.2
1581.19
39392.7
1366.72
39799.9
3922.13
39261.3
2931.4
41525.1
5046.32
37380.6
967.021
40167.5
759.31
40580.7
1326.27
40308.7
1778.41
39294.5
1330.04
42911.9
2730.13
42083.3
5169.99
42045.3
2747.31
40899.2
2254.71
41113.6
639.429
41747.3
2206.21
40888.8
1135.89
43191.6
2743.76
42390.9
1701.23
43600.5
3259.32
45057.3
3258.29
45269.7
4694.67
44859.6
768.104
43966.9
1197.31
45191.5
2035
45913.5
5074.15
48777.7
4751.12
48869.4
7232.21
47395.5
6370.25
48450.9
4922.83
48930.8
1458.13
49398.6
1028.52
49064.7
938.955
50799.7
7251.48
50006.1
12797.7
52498.9
18431.4
52544.5
17049
53122.3
13447.9
54490.9
5061.71
53144.2
495.733
54812.5
7601.54
60065.8
35969.9
66803.3
87021.8
59833.8
158205
68562.8
240401
197349
313993
522269
369674
1.93734e+06
2.73278e+06
1.93839e+06
369197
525477
317830
195888
240246
73937.9
157480
65661
87314.4
73447.4
36865.2
70209.8
7395.86
63216.1
1031.16
64147.2
3397.94
66678.6
14012.9
68168.7
17904
65917.6
18666.2
69224.2
12556.7
71113.9
6427.43
68810.8
2656.7
70902.9
1604.39
70843
1185.3
71963.3
4574.06
74889.6
6587.34
75065.3
8802.12
76819
5423.1
77001.8
3886.17
79569.1
1698.07
80049.6
752.099
82696.2
1015.02
83148.3
3522.94
86279.5
1948.08
87902
3528.26
88847.8
1732.35
90158.6
1268.07
92208.2
2107.35
91892.3
988.24
96619.7
1125.96
97885.6
3154.36
99858.5
2009.23
101545
1333.94
103608
1907.76
107549
1275.72
111453
973.023
113510
1398.45
114339
2150.1
119790
608.26
122271
2277.55
126715
1808.31
130529
721.096
135082
383.238
138473
1996.29
145017
1310.58
147535
1204.64
155721
2178.12
159150
1490.4
165641
2066.66
170650
841.807
180101
1231.4
186780
1409.49
193464
2084.16
207039
1981.05
213924
828.642
227334
605.65
238830
1901.19
253794
2250.89
273094
1686.66
288671
1070.02
311251
2444.76
338559
1907.84
365399
2103.62
398494
1726.42
440274
3045.89
494743
1897.55
558251
806.562
645982
2327.48
760041
895.029
930505
523.147
1.19669e+06
1384.96
1.67727e+06
1154.41
2.79346e+06
1179.89
8.37771e+06
